SEMANA	OBS	UFM2_SUELO	UFM2_CASA	UFM2_DEPTO	IPSA	LIQUIDEZ	INFLACION	TI_HIPOTECARIA
201027	50	9.50	15.57	116.04	1.00	1206953.80	21221.92	3.95
201028	32	12.68	13.99	112.64	1.00	1295346.60	21227.57	3.99
201029	22	8.77	12.57	76.08	1.50	1274094.80	21227.57	4.06
201030	23	8.60	9.58	108.37	1.50	1332535.60	21227.57	4.03
201031	10	6.43	13.64	102.85	1.50	1227820.80	21227.57	4.03
201032	40	10.39	14.92	87.14	1.60	1278103.80	21235.76	4.00
201033	43	8.89	19.03	105.89	2.00	1288375.80	21264.47	4.00
201034	57	7.28	11.87	100.08	2.00	1301930.40	21293.21	4.05
201035	72	9.19	17.56	83.49	2.00	1238175.60	21321.99	4.09
201036	44	8.77	17.83	106.77	2.00	1292421.40	21349.85	4.08
201037	37	9.00	17.02	100.98	2.00	1347399.40	21350.67	4.05
201038	53	13.31	18.17	130.51	2.50	1358393.60	21345.68	4.03
201039	56	15.88	20.87	71.25	2.50	1383459.80	21340.70	4.00
201040	29	8.94	21.16	78.90	2.50	1276309.00	21335.72	4.02
201041	54	10.79	23.93	70.53	2.56	1334309.40	21344.58	4.09
201042	78	10.66	26.07	94.50	2.75	1312591.40	21363.83	4.14
201043	64	9.53	26.65	91.38	2.75	1315765.00	21383.10	4.17
201044	53	9.48	27.73	87.94	2.75	1242586.20	21402.38	4.14
201045	79	15.20	20.74	152.58	2.75	1243735.80	21419.23	4.39
201046	114	11.56	28.76	74.25	2.90	1288160.40	21424.63	4.45
201047	68	12.34	25.32	94.87	3.00	1287461.20	21429.63	4.40
201048	72	14.76	36.99	76.93	3.00	1261510.20	21434.63	4.32
201049	28	11.50	18.34	195.16	3.00	1281303.00	21439.62	4.53
201050	71	13.14	30.56	86.38	3.05	1437454.00	21444.49	4.50
201051	83	12.62	24.33	107.40	3.25	1384972.20	21449.33	4.42
201052	84	10.71	25.82	85.96	3.25	1419024.80	21454.17	4.36
201101	27	8.71	20.71	62.99	3.25	1365581.40	21459.01	4.35
201102	24	10.88	20.00	98.59	3.25	1375115.00	21463.86	4.40
201103	19	10.18	18.99	61.61	3.25	1391569.80	21468.70	4.37
201104	30	10.60	46.22	102.01	3.25	1421492.80	21473.55	4.34
201105	40	8.76	18.62	65.63	3.25	1307094.60	21478.39	4.31
201106	200	11.22	23.78	55.76	3.25	1327630.20	21484.21	4.47
201107	64	8.17	18.73	24.57	3.30	1375798.20	21499.33	4.42
201108	66	8.13	23.83	68.00	3.50	1460102.20	21515.44	4.39
201109	161	11.39	20.33	50.52	3.50	1338529.60	21531.56	4.28
201110	76	11.92	24.03	64.38	3.50	1364546.40	21547.14	4.49
201111	88	9.68	21.43	67.08	3.60	1398910.80	21557.41	4.47
201112	52	9.70	22.68	59.61	4.00	1372712.80	21567.14	4.46
201113	44	9.30	21.73	68.11	4.00	1359270.80	21576.87	4.39
201114	45	9.48	22.43	54.74	4.00	1279806.80	21586.61	4.40
201115	146	9.03	20.60	60.46	4.30	1346873.60	21613.74	4.43
201116	29	12.73	23.31	43.76	4.50	1329213.00	21653.96	4.38
201117	23	9.14	20.92	61.04	4.50	1337986.80	21694.26	4.34
201118	80	8.80	18.77	64.18	4.50	1250269.20	21734.63	4.26
201119	72	9.75	22.34	46.64	4.60	1328842.40	21767.73	4.39
201120	58	12.44	22.78	54.61	5.00	1334707.00	21782.46	4.29
201121	47	7.94	22.26	44.87	5.00	1350849.60	21797.19	4.18
201122	36	10.17	21.09	56.14	5.00	1296912.00	21811.94	4.10
201123	23	12.00	22.14	41.03	5.00	1293813.20	21826.86	4.11
201124	101	10.96	20.94	51.02	5.15	1391373.60	21846.25	4.16
201125	35	9.16	22.58	58.72	5.25	1356687.60	21866.60	4.18
201126	48	12.04	22.45	76.01	5.25	1365658.00	21886.98	4.13
201127	40	10.97	22.42	52.68	5.25	1275503.60	21907.38	4.14
201128	26	9.37	25.03	38.93	5.25	1337535.00	21921.78	4.15
201129	44	18.91	24.79	80.05	5.25	1300097.40	21931.67	4.12
201130	40	13.35	24.89	53.11	5.25	1352846.60	21941.57	4.13
201131	35	17.92	20.93	46.35	5.25	1258174.00	21951.47	4.12
201132	35	16.06	20.50	75.97	5.25	1320397.40	21960.53	4.16
201133	24	15.62	23.14	70.37	5.25	1409888.00	21965.62	4.20
201134	40	18.20	20.64	43.62	5.25	1457786.20	21970.58	4.20
201135	39	14.78	28.26	46.25	5.25	1384059.40	21975.54	4.17
201136	35	16.01	22.65	46.76	5.25	1359273.60	21980.50	4.23
201137	32	13.09	22.81	38.90	5.25	1424966.80	21989.24	4.24
201138	42	10.23	23.74	50.67	5.25	1416149.60	21999.49	4.18
201139	30	10.57	23.55	76.84	5.25	1483630.00	22009.75	4.14
201140	20	24.77	21.33	60.60	5.25	1329838.00	22020.02	4.13
201141	21	7.05	24.38	49.70	5.25	1425836.60	22036.51	4.08
201142	39	10.89	21.97	51.21	5.25	1407253.40	22061.35	4.10
201143	52	34.59	23.41	48.93	5.25	1461214.20	22086.21	4.12
201144	13	7.82	25.99	42.20	5.25	1389044.40	22111.09	4.11
201145	37	11.80	22.88	48.25	5.25	1413220.60	22136.08	4.05
201146	33	11.89	23.06	60.40	5.25	1429644.60	22161.79	4.06
201147	36	13.40	23.21	45.82	5.25	1398726.20	22187.59	4.11
201148	46	15.43	24.84	55.76	5.25	1399807.20	22213.43	4.18
201149	35	10.98	24.69	63.94	5.25	1353137.20	22239.29	4.17
201150	40	15.10	27.01	69.42	5.25	1497316.60	22257.44	4.19
201151	43	10.77	27.83	59.97	5.25	1446949.60	22272.50	4.23
201152	43	10.28	24.68	49.97	3.25	1360308.60	21457.63	4.32
201201	48	10.34	21.07	44.52	5.25	1421524.40	22302.65	4.28
201202	71	15.74	24.33	44.70	5.20	1470565.60	22322.04	4.24
201203	34	18.52	23.22	51.54	5.00	1464668.20	22352.22	4.25
201204	39	10.73	23.86	64.36	5.00	1469869.20	22382.43	4.34
201205	63	10.20	25.17	34.11	5.00	1401999.40	22412.69	4.37
201206	47	5.17	25.97	45.13	5.00	1402178.60	22442.27	4.27
201207	62	11.36	24.46	60.64	5.00	1473237.20	22451.95	4.30
201208	29	13.31	22.35	43.40	5.00	1491667.80	22457.37	4.33
201209	27	8.39	22.41	54.87	5.00	1470833.60	22462.79	4.34
201210	39	9.50	23.40	69.76	5.00	1405824.80	22468.21	4.29
201211	21	12.42	20.93	45.51	5.00	1481039.80	22484.23	4.28
201212	39	6.98	22.23	30.84	5.00	1453504.40	22504.51	4.30
201213	35	18.02	22.27	52.49	5.00	1475564.20	22524.80	4.31
201214	36	23.88	21.41	44.58	5.00	1359375.60	22545.12	4.32
201215	33	5.16	20.94	36.39	5.00	1412305.80	22562.65	4.40
201216	21	9.89	21.82	35.67	5.00	1421352.00	22573.17	4.32
201217	33	7.89	23.85	33.42	5.00	1449531.40	22583.69	4.35
201218	30	13.18	25.52	39.72	5.00	1331132.40	22594.22	4.38
201219	36	8.61	24.28	39.92	5.00	1388662.80	22604.29	4.35
201220	51	8.12	23.36	40.76	5.00	1416357.40	22609.86	4.38
201221	32	10.39	23.09	36.51	5.00	1421367.00	22614.97	4.40
201222	34	7.39	23.14	48.55	5.00	1418555.20	22620.07	4.37
201223	28	9.30	23.87	46.57	5.00	1331238.80	22625.18	4.30
201224	37	10.89	24.34	54.04	5.00	1423701.00	22627.36	4.29
201225	41	13.13	23.23	61.22	5.00	1422179.40	22627.36	4.31
201226	28	7.75	22.40	45.35	5.00	1462329.60	22627.36	4.29
201227	29	18.63	22.00	59.65	5.00	1385012.20	22627.36	4.30
201228	34	15.18	23.47	49.67	5.00	1472603.80	22622.97	4.25
201229	21	17.07	24.14	40.43	5.00	1492258.80	22607.63	4.27
201230	35	9.27	24.50	52.41	5.00	1492532.60	22592.30	4.33
201231	47	10.00	25.79	52.19	5.00	1412894.00	22576.98	4.37
201232	23	8.18	24.53	61.93	5.00	1406239.00	22562.10	4.28
201233	31	10.33	23.69	51.04	5.00	1492321.20	22559.48	4.25
201234	34	10.00	26.01	69.87	5.00	1473808.40	22559.48	4.27
201235	44	9.32	24.83	43.21	5.00	1497032.80	22559.48	4.28
201236	28	10.95	24.11	57.85	5.00	1456869.20	22559.48	4.27
201237	34	7.81	26.75	53.35	5.00	1676103.80	22563.99	4.25
201238	14	9.84	24.63	58.63	5.00	1666237.80	22574.51	4.22
201239	32	11.76	25.57	55.39	5.00	1746497.80	22585.04	4.32
201240	36	9.77	25.12	59.87	5.00	1511629.40	22595.57	4.34
201241	25	14.72	25.60	36.81	5.00	1507584.20	22611.27	4.28
201242	33	7.28	23.09	67.49	5.00	1524733.40	22651.13	4.32
201243	40	9.54	25.35	52.01	5.00	1525336.20	22691.92	4.32
201244	27	16.46	27.66	44.94	5.00	1530353.60	22732.79	4.35
201245	32	21.24	26.05	41.06	5.00	1454808.20	22773.73	4.31
201246	43	16.46	24.78	37.92	5.00	1548201.80	22808.17	4.31
201247	36	9.97	26.29	54.33	5.00	1491147.80	22840.03	4.33
201248	37	10.75	23.29	45.41	5.00	1586840.40	22871.93	4.34
201249	44	9.29	22.32	67.45	5.00	1464227.60	22903.88	4.36
201250	26	12.16	22.16	43.91	5.00	1655145.80	22911.03	4.34
201251	41	10.65	25.76	57.52	5.00	1691970.20	22885.12	4.30
201252	20	9.34	24.92	59.99	5.25	1414381.20	22300.50	4.29
201301	23	10.25	22.38	45.24	5.00	1751498.60	22829.68	4.42
201302	20	6.95	28.30	49.47	5.00	1764224.60	22809.75	4.33
201303	35	17.68	26.11	57.41	5.00	1731551.20	22807.54	4.38
201304	35	8.53	24.79	54.94	5.00	1674986.00	22807.54	4.38
201305	31	9.22	25.32	41.89	5.00	1674469.60	22807.54	4.44
201306	41	9.86	25.78	51.73	5.00	1563631.60	22807.54	4.48
201307	42	14.41	27.20	41.09	5.00	1649252.80	22814.05	4.47
201308	37	16.50	23.56	47.46	5.00	1648207.20	22825.45	4.47
201309	26	8.44	26.56	44.91	5.00	1665812.40	22836.85	4.49
201310	29	9.59	23.78	55.50	5.00	1601759.80	22848.26	4.49
201311	37	15.15	23.38	39.31	5.00	1708130.40	22856.11	4.50
201312	24	10.62	23.25	57.28	5.00	1678995.60	22861.27	4.52
201313	18	9.37	25.95	68.95	5.00	1702385.40	22866.43	4.54
201314	34	13.57	22.71	52.83	5.00	1626398.60	22871.59	4.55
201315	24	6.87	24.89	40.38	5.00	1680122.20	22879.52	4.53
201316	30	19.89	25.93	52.10	5.00	1667697.60	22900.38	4.54
201317	33	10.29	25.04	43.91	5.00	1684364.20	22921.72	4.54
201318	17	12.72	27.54	41.58	5.00	1645345.00	22943.08	4.52
201319	19	17.60	25.19	41.72	5.00	1669137.80	22963.10	4.55
201320	25	13.19	25.85	39.12	5.00	1682074.40	22945.24	4.53
201321	33	13.16	22.36	39.99	5.00	1669185.40	22919.28	4.52
201322	39	10.66	25.39	42.43	5.00	1667697.20	22893.36	4.51
201323	28	12.86	24.43	48.84	5.00	1533530.40	22867.46	4.48
201324	46	13.31	25.03	49.99	5.00	1656389.00	22852.67	4.48
201325	47	9.30	24.80	31.96	5.00	1654486.20	22852.67	4.47
201326	30	10.99	29.07	50.06	5.00	1682620.60	22852.67	4.45
201327	28	11.96	25.02	29.18	5.00	1558216.80	22852.67	4.44
201328	38	10.35	22.66	37.71	5.00	1648626.60	22857.96	4.47
201329	15	9.30	22.44	46.71	5.00	1694621.00	22887.98	4.49
201330	35	13.17	26.58	57.45	5.00	1712382.00	22918.91	4.46
201331	28	11.46	25.86	46.56	5.00	1686794.40	22949.89	4.42
201332	26	7.07	27.49	43.53	5.00	1673660.00	22980.92	4.44
201333	35	6.78	25.19	37.93	5.00	1768490.40	23000.90	4.45
201334	28	6.13	25.68	43.53	5.00	1731868.40	23016.46	4.45
201335	34	12.22	23.89	46.55	5.00	1795558.80	23032.04	4.46
201336	36	9.25	24.61	38.75	5.00	1804034.80	23047.62	4.52
201337	17	10.09	21.17	38.31	5.00	1987622.20	23061.83	4.43
201338	14	8.27	25.79	51.60	5.00	1941412.60	23072.59	4.37
201339	21	8.47	22.73	38.40	5.00	2080933.00	23083.34	4.38
201340	29	11.36	24.49	39.26	5.00	1827879.80	23094.11	4.39
201341	38	10.73	31.94	51.94	5.00	1859171.60	23106.19	4.40
201342	48	12.42	24.42	46.76	4.95	1851374.20	23130.92	4.39
201343	32	13.08	24.25	39.26	4.75	1813211.80	23156.98	4.41
201344	20	14.54	19.49	42.45	4.75	1819497.00	23183.08	4.39
201345	29	11.63	21.47	42.66	4.75	1740753.00	23209.20	4.40
201346	30	10.00	25.38	56.49	4.75	1828354.80	23223.49	4.42
201347	30	16.22	26.63	50.80	4.60	1747293.00	23228.91	4.41
201348	30	10.34	25.26	44.20	4.50	1823989.40	23234.33	4.34
201349	27	12.44	23.10	50.72	4.50	1792625.80	23239.75	4.35
201350	20	10.50	22.73	56.91	4.50	1951066.00	23249.61	4.43
201351	19	9.40	22.28	48.48	4.50	1990572.00	23270.57	4.35
201352	10	18.18	23.29	40.03	4.50	2071115.20	23291.56	4.35
201401	32	11.43	25.73	61.46	4.50	1976330.20	23318.57	4.36
201402	50	10.09	25.98	62.19	4.50	2129744.60	23333.89	4.36
201403	41	9.67	25.29	49.91	4.50	2028816.00	23363.63	4.34
201404	50	11.82	24.51	42.76	4.50	1949477.40	23395.21	4.32
201405	34	9.26	24.55	39.88	4.50	1907642.60	23426.83	4.30
201406	38	10.82	23.71	46.72	4.50	1749242.80	23458.50	4.31
201407	43	7.71	25.94	54.02	4.50	1857863.00	23481.64	4.31
201408	45	8.88	24.62	47.04	4.35	1960340.20	23493.37	4.32
201409	36	12.81	26.34	54.73	4.25	1961309.20	23505.11	4.30
201410	39	11.48	23.49	47.33	4.25	1807202.80	23516.85	4.30
201411	30	8.13	22.75	52.05	4.20	1903162.60	23534.92	4.33
201412	22	8.12	24.54	45.60	4.00	1903378.40	23561.44	4.30
201413	35	14.81	25.46	54.93	4.00	1965600.40	23587.99	4.30
201414	40	10.49	24.05	44.23	4.00	1824097.20	23614.57	4.28
201415	61	10.19	23.47	55.19	4.00	1854431.40	23642.66	4.30
201416	33	9.87	26.36	62.10	4.00	1888090.40	23685.18	4.27
201417	56	8.63	25.35	91.53	4.00	1913283.60	23729.25	4.26
201418	36	12.24	25.42	71.74	4.00	1900697.00	23773.41	4.23
201419	44	13.09	25.77	104.25	4.00	1842999.80	23817.66	4.27
201420	36	11.46	25.59	74.43	4.00	1934101.20	23853.31	4.23
201421	39	10.72	24.43	51.12	4.00	1915787.40	23885.56	4.18
201422	37	10.44	24.04	60.74	4.00	1981096.40	23917.84	4.18
201423	33	11.51	24.10	84.75	4.00	1816250.40	23950.17	4.08
201424	32	11.31	26.68	72.18	4.00	1895334.80	23978.08	4.14
201425	35	11.04	26.70	72.97	4.00	1902514.20	23994.84	3.83
201426	28	9.69	25.84	63.07	4.00	1963498.20	24011.62	4.00
201427	45	9.03	24.64	51.56	4.00	1782663.20	24028.41	3.91
201428	32	10.04	24.09	62.04	4.00	1831675.20	24044.24	3.94
201429	22	11.88	25.57	72.52	3.88	1884577.80	24050.64	3.91
201430	24	13.29	24.70	83.00	3.75	1902240.60	24056.07	3.84
201431	37	11.27	26.91	104.95	3.75	1903476.40	24061.50	3.83
201432	25	10.47	25.05	81.70	3.75	1796112.60	24066.93	3.81
201433	27	19.05	26.13	68.62	3.75	1898755.80	24075.47	3.75
201434	38	20.32	25.86	92.06	3.50	1903849.00	24086.33	3.69
201435	37	10.27	26.96	74.77	3.50	1941646.80	24097.20	3.67
201436	39	9.46	25.33	34.56	3.50	1865080.00	24108.07	3.62
201437	40	10.29	25.38	45.75	3.45	2029211.80	24119.98	3.66
201438	13	3.53	25.95	48.92	3.25	1987561.60	24136.67	3.60
201439	26	9.49	25.74	38.53	3.25	2114906.80	24153.55	3.61
201440	30	12.75	21.06	42.69	3.25	1963106.20	24170.44	3.55
201441	28	10.02	26.43	54.58	3.25	1913366.00	24188.10	3.56
201442	24	14.08	23.87	49.47	3.20	1978034.40	24227.08	3.54
201443	27	16.64	24.95	63.91	3.00	1952036.20	24270.72	3.55
201444	27	15.68	30.27	69.32	3.00	1981499.60	24314.42	3.58
201445	26	16.27	27.51	52.02	3.00	1887969.20	24358.21	3.58
201446	31	8.23	25.59	52.03	3.00	1970758.60	24407.55	3.57
201447	23	15.15	25.56	46.77	3.00	1940571.60	24464.28	3.60
201448	44	9.35	27.03	97.54	3.00	2020828.60	24521.15	3.61
201449	23	7.92	27.83	103.00	3.00	1906382.60	24578.14	3.72
201450	31	12.08	24.85	68.82	3.00	2066810.80	24625.47	3.66
201451	19	12.45	27.28	74.54	3.00	2140352.40	24627.10	3.74
201452	17	11.88	31.02	89.50	3.00	2218853.40	24627.10	3.72
201501	10	12.69	30.39	55.91	3.00	2207735.80	24627.10	3.78
201502	42	18.33	27.63	82.12	3.00	2288599.00	24627.10	3.76
201503	59	19.10	27.52	85.73	3.00	2330621.20	24611.18	3.72
201504	48	19.35	26.69	83.08	3.00	2253575.20	24588.92	3.72
201505	44	15.83	27.97	94.53	3.00	2276495.80	24566.68	3.78
201506	41	14.12	29.76	79.81	3.00	2110178.20	24544.45	3.77
201507	41	9.02	30.06	66.46	3.00	2169015.20	24530.34	3.77
201508	48	12.32	30.37	90.46	3.00	2159299.40	24536.47	3.74
201509	41	11.92	29.13	77.57	3.00	2222462.00	24542.60	3.74
201510	65	19.82	27.50	66.05	3.00	2124720.00	24548.74	3.70
201511	29	15.06	29.22	57.25	3.00	2141389.40	24559.44	3.71
201512	48	9.78	27.39	69.59	3.00	2133404.80	24581.59	3.66
201513	26	11.42	29.98	111.12	3.00	2157447.60	24603.76	3.70
201514	31	8.86	40.35	80.75	3.00	2186767.80	24625.95	3.68
201515	38	20.35	29.26	53.29	3.00	2160152.20	24648.51	3.62
201516	55	10.80	29.83	121.25	3.00	2216575.40	24680.84	3.65
201517	49	14.40	25.95	77.86	3.00	2217791.54	24715.31	3.63
201518	42	29.27	28.39	95.35	3.00	2366944.40	24749.84	3.58
201519	38	11.93	25.68	59.34	3.00	2289810.80	24784.41	3.57
201520	40	14.00	25.46	67.69	3.00	2295304.60	24818.39	3.60
201521	20	9.76	30.73	79.88	3.00	2276830.40	24851.94	3.62
201522	48	13.64	28.14	55.93	3.00	2287065.80	24885.53	3.58
201523	16	14.16	28.29	71.23	3.00	2379072.40	24919.17	3.62
201524	28	13.85	28.19	63.31	3.00	2558238.20	24949.07	3.59
201525	32	15.55	28.12	57.17	3.00	2540346.80	24961.34	3.63
201526	28	9.02	28.70	50.83	3.00	2567121.60	24972.98	3.68
201527	23	11.91	26.56	56.12	3.00	2402147.60	24984.62	3.68
201528	31	8.25	27.69	61.37	3.00	2401415.00	24996.74	3.62
201529	19	10.49	30.70	58.48	3.00	2488491.20	25022.08	3.67
201530	30	14.13	27.70	83.19	3.00	2456899.00	25050.28	3.70
201531	38	12.03	27.84	89.25	3.00	2498297.80	25078.51	3.70
201532	39	14.69	32.13	102.23	3.00	2308136.60	25106.77	3.68
201533	34	8.06	28.74	70.58	3.00	2467187.20	25132.64	3.68
201534	37	13.19	30.63	65.09	3.00	2442914.00	25155.30	3.68
201535	40	8.14	29.80	41.69	3.00	2442424.80	25177.99	3.65
201536	56	10.36	30.17	45.76	3.00	2348117.60	25200.70	3.59
201537	24	8.30	28.09	60.67	3.00	2491514.80	25224.99	3.64
201538	20	14.12	28.41	62.85	3.00	2500717.20	25264.51	3.67
201539	21	10.68	28.87	62.91	3.00	2581135.20	25305.66	3.65
201540	62	19.15	28.87	68.71	3.00	2509095.20	25346.89	3.64
201541	33	11.39	25.75	65.31	3.00	2420174.00	25388.17	3.63
201542	38	11.57	26.54	48.83	3.06	2525435.00	25420.42	3.65
201543	38	22.11	28.27	54.63	3.25	2461905.80	25449.07	3.67
201544	45	20.82	27.98	66.31	3.25	2482256.60	25477.74	3.67
201545	32	13.46	26.06	53.63	3.25	2298879.80	25506.45	3.64
201546	39	12.41	29.43	68.59	3.25	2448765.00	25533.77	3.72
201547	30	27.77	27.33	84.83	3.25	2440957.00	25557.57	3.71
201548	37	13.86	30.90	81.91	3.25	2473201.00	25581.39	3.76
201549	43	8.36	29.67	100.38	3.25	2286215.60	25605.23	3.71
201550	38	21.12	36.68	76.03	3.25	2414667.80	25627.04	3.76
201551	34	14.12	36.82	72.93	3.30	2567857.40	25629.09	3.80
201552	56	16.45	36.19	113.40	3.50	2565257.20	25629.09	3.78
201553	53	13.88	34.74	81.95	3.50	2636145.00	25629.09	3.76
201601	47	15.29	34.97	70.44	3.50	2615035.00	25629.09	3.78
201602	59	16.72	30.42	67.16	3.50	2721406.80	25629.09	3.83
201603	62	16.02	31.99	63.25	3.50	2617977.00	25629.09	3.88
201604	54	11.98	28.37	51.49	3.50	2636256.80	25629.09	3.87
201605	46	25.94	29.33	51.33	3.50	2450775.40	25629.09	3.81
201606	54	14.04	27.56	62.02	3.50	2523815.40	25634.38	3.89
201607	32	34.15	31.61	62.54	3.50	2518348.80	25664.38	3.84
201608	46	9.24	29.35	50.51	3.50	2572503.00	25695.29	3.84
201609	28	16.29	33.45	61.40	3.50	2392601.40	25726.25	3.78
201610	27	14.05	30.65	74.22	3.50	2492389.80	25756.08	3.85
201611	40	17.35	28.90	114.20	3.50	2519532.80	25774.67	3.84
201612	28	7.67	27.77	139.11	3.50	2538331.00	25792.11	3.83
201613	35	12.63	28.84	84.46	3.50	2548741.80	25809.56	3.80
201614	33	12.74	29.81	73.24	3.50	2434231.20	25827.02	3.79
201615	43	33.50	29.46	94.40	3.50	2568288.60	25848.26	3.81
201616	41	10.16	31.53	56.75	3.50	2496008.60	25872.35	3.81
201617	40	20.67	28.51	56.45	3.50	2502132.20	25896.46	3.81
201618	38	13.07	28.17	57.77	3.50	2319014.20	25920.60	3.77
201619	38	11.50	29.40	47.15	3.50	2451683.80	25942.86	3.83
201620	37	18.52	30.48	113.28	3.50	2407389.00	25960.42	3.79
201621	45	12.53	28.84	119.72	3.50	2406301.00	25977.98	3.77
201622	38	15.92	30.35	78.28	3.50	2284950.20	25995.56	3.78
201623	39	14.98	30.47	64.82	3.50	2269109.00	26012.99	3.77
201624	44	28.49	30.41	56.52	3.50	2372327.00	26026.06	3.76
201625	36	11.61	31.81	52.67	3.50	2347945.80	26038.19	3.77
201626	25	9.51	28.50	50.70	3.50	2319461.00	26050.34	3.76
201627	40	15.98	26.52	59.48	3.50	2266539.20	26062.48	3.75
201628	50	15.91	29.35	66.23	3.50	2433915.60	26081.12	3.75
201629	20	17.48	33.83	106.39	3.50	2385681.60	26104.64	3.74
201630	38	17.71	24.88	84.84	3.50	2483492.40	26128.18	3.75
201631	35	13.07	27.70	92.41	3.50	2305291.60	26151.75	3.70
201632	45	19.28	31.23	48.25	3.50	2438566.40	26173.31	3.78
201633	30	8.14	28.50	73.91	3.50	2427887.20	26185.46	3.78
201634	34	17.84	29.46	58.09	3.50	2507914.60	26197.27	3.74
201635	48	9.29	31.11	97.13	3.50	2429330.60	26209.10	3.69
201636	35	15.98	30.69	114.27	3.50	2408181.60	26220.92	3.74
201637	36	15.70	29.48	83.45	3.50	2545540.40	26224.30	3.74
201638	28	19.30	34.35	87.82	3.50	2485355.60	26224.30	3.68
201639	35	14.40	30.18	84.36	3.50	2602272.80	26224.30	3.63
201640	28	297.77	28.52	48.95	3.50	2391990.00	26224.30	3.65
201641	25	13.20	30.17	108.73	3.50	2513498.20	26229.37	3.68
201642	30	17.58	29.42	98.28	3.50	2453621.60	26241.21	3.55
201643	33	11.76	29.58	64.13	3.50	2511934.60	26253.05	3.55
201644	24	14.77	28.61	45.72	3.50	2416807.20	26264.90	3.50
201645	36	13.13	30.74	66.25	3.50	2491568.00	26276.78	3.53
201646	43	17.96	31.65	61.66	3.50	2490541.60	26289.00	3.52
201647	28	21.30	31.50	58.03	3.50	2513429.20	26301.26	3.51
201648	29	19.62	29.22	69.28	3.50	2529895.60	26313.53	3.50
201649	30	16.26	28.69	75.45	3.50	2424414.00	26325.80	3.53
201650	45	22.33	30.67	75.15	3.50	2574479.60	26333.54	3.57
201651	38	11.55	30.45	70.96	3.50	2499608.60	26339.49	3.59
201652	57	16.86	28.37	87.09	3.50	2582249.20	26345.43	3.59
201701	31	28.42	28.76	94.73	3.50	2434827.00	26351.38	3.62
201702	45	15.49	29.75	91.30	3.50	2604707.40	26352.23	3.69
201703	67	14.72	32.06	96.24	3.45	2563408.80	26340.32	3.57
201704	56	19.52	30.35	89.65	3.25	2529494.00	26328.41	3.61
201705	42	13.37	34.51	80.75	3.25	2402263.60	26316.51	3.61
201706	81	11.99	29.72	100.74	3.25	2330393.80	26305.90	3.58
201707	35	15.84	28.71	98.02	3.25	2372730.80	26331.05	3.56
201708	65	13.26	32.10	72.80	3.25	2370938.40	26363.90	3.55
201709	54	25.51	33.53	76.33	3.25	2322293.00	26396.79	3.53
201710	48	17.84	31.27	80.13	3.25	2375225.60	26429.12	3.50
201711	43	10.07	30.22	89.99	3.20	2362728.00	26444.65	3.49
201712	32	19.85	32.58	124.54	3.00	2326316.80	26456.59	3.47
201713	42	14.22	31.87	105.66	3.00	2369144.20	26468.53	3.45
201714	53	18.47	30.73	87.66	3.00	2203805.00	26480.47	3.46
201715	21	30.51	33.68	107.52	3.00	2380342.80	26497.88	3.46
201716	31	16.41	33.68	96.71	2.75	2408292.80	26522.57	3.41
201717	36	13.84	28.72	70.80	2.75	2478601.20	26547.29	3.47
201718	31	21.43	27.95	69.26	2.75	2255386.80	26572.03	3.38
201719	39	14.73	30.39	65.89	2.75	2424821.00	26594.60	3.43
201720	42	12.99	33.02	62.92	2.70	2370038.40	26606.97	3.36
201721	38	19.90	32.40	85.36	2.50	2345222.00	26618.97	3.34
201722	29	11.92	32.51	127.72	2.50	2302001.20	26630.98	3.34
201723	56	27.64	30.20	111.94	2.50	2256754.00	26643.00	3.29
201724	37	14.57	32.16	100.65	2.50	2460086.40	26650.88	3.27
201725	26	20.08	32.49	117.67	2.50	2462807.40	26657.10	3.28
201726	12	11.55	30.42	104.84	2.50	2516565.80	26663.31	3.31
201727	33	17.87	30.39	80.84	2.50	2443654.40	26669.53	3.27
201728	47	27.84	36.10	67.67	2.50	2655821.80	26662.75	3.24
201729	36	19.23	30.51	67.55	2.50	2515637.60	26638.63	3.22
201730	54	16.35	31.71	55.38	2.50	2534515.60	26614.53	3.22
201731	40	12.57	29.18	67.73	2.50	2347960.40	26590.45	3.17
201732	38	15.07	28.45	72.25	2.50	2497632.20	26569.49	3.16
201733	29	20.97	31.46	62.36	2.50	2492222.60	26578.39	3.21
201734	34	13.77	31.65	61.01	2.50	2520888.20	26590.38	3.21
201735	38	15.11	32.07	64.29	2.50	2507572.77	26602.38	3.20
201736	35	15.79	29.48	70.38	2.50	2545196.72	26614.39	3.22
201737	42	23.62	29.75	61.87	2.50	2635080.80	26626.62	3.22
201738	17	15.60	32.52	68.56	2.50	2509880.30	26639.04	3.16
201739	26	17.61	31.15	67.78	2.50	2668356.15	26651.46	3.16
201740	45	8.51	28.47	59.09	2.50	2425690.88	26663.89	3.21
201741	33	18.27	26.90	52.00	2.50	2526691.66	26669.33	3.18
201742	44	21.73	30.73	47.46	2.50	2485837.71	26657.27	3.29
201743	22	14.84	30.92	51.52	2.50	2489084.84	26645.22	3.25
201744	13	13.44	33.54	58.43	2.50	2407236.42	26633.18	3.28
201745	34	16.32	32.72	49.84	2.50	2438388.42	26622.55	3.27
201746	33	12.49	32.14	49.04	2.50	2467162.05	26651.29	3.28
201747	27	21.86	33.08	62.55	2.50	2393908.23	26688.51	3.34
201748	48	33.90	34.24	58.31	2.50	2549955.24	26725.79	3.39
201749	20	22.53	33.73	60.75	2.50	2374289.42	26763.12	3.40
201750	44	15.08	32.60	72.70	2.50	2535797.94	26782.59	3.41
201751	43	13.73	34.45	65.92	2.50	2438157.63	26788.64	3.44
201752	31	19.60	30.61	61.90	3.50	2463554.80	26350.53	3.61
201801	34	15.87	32.28	63.99	2.50	2555564.25	26800.73	3.54
201802	51	24.16	30.62	51.07	2.50	2651118.61	26806.78	3.51
201803	33	23.95	65.94	52.78	2.50	2673138.37	26812.84	3.48
201804	66	27.18	34.36	75.85	2.50	2631360.84	26818.89	3.51
201805	52	25.33	37.07	60.09	2.50	2542324.63	26824.94	3.54
201806	64	23.31	38.62	53.28	2.50	2488108.72	26831.00	3.54
201807	54	28.37	32.16	52.99	2.50	2581628.67	26856.64	3.54
201808	53	29.50	32.67	48.88	2.50	2539340.99	26890.15	3.55
201809	76	25.62	32.13	49.11	2.50	2527934.31	26923.70	3.53
201810	46	18.05	33.49	57.69	2.50	2485401.60	26957.29	3.51
201811	51	18.07	33.84	58.03	2.50	2569301.36	26966.89	3.50
201812	65	20.39	36.84	95.53	2.50	2489684.76	26966.89	3.53
201813	24	22.58	30.47	64.85	2.50	2536275.80	26966.89	3.56
201814	66	30.43	33.63	69.16	2.50	2448664.71	26966.89	3.47
201815	129	19.49	33.80	56.31	2.50	2514092.04	26970.48	3.52
201816	131	17.21	31.98	53.80	2.50	2490174.05	26983.06	3.50
201817	45	23.39	39.05	89.40	2.50	2544916.47	26995.64	3.48
201818	51	25.67	36.18	94.40	2.50	2362994.04	27008.23	3.40
201819	78	20.52	32.01	89.04	2.50	2482993.65	27021.31	3.45
201820	74	18.59	34.92	52.31	2.50	2464511.04	27039.10	3.48
201821	48	25.87	31.71	57.17	2.50	2493603.98	27057.40	3.46
201822	73	12.86	37.31	94.16	2.50	2515606.85	27075.71	3.40
201823	44	19.60	33.92	86.97	2.50	2345961.06	27094.03	3.37
201824	38	28.28	34.46	84.36	2.50	2528045.59	27112.71	3.42
201825	43	21.95	32.41	65.71	2.50	2476401.62	27131.66	3.47
201826	73	20.58	31.33	59.86	2.50	2503273.36	27150.63	3.35
201827	57	20.12	32.86	53.85	2.50	2342768.90	27169.62	3.29
201828	47	14.34	35.15	99.83	2.50	2493257.68	27184.94	3.41
201829	101	19.93	35.18	95.40	2.50	2505868.80	27191.08	3.34
201830	105	19.38	37.15	136.20	2.50	2540674.05	27197.22	3.34
201831	39	19.53	37.00	72.10	2.50	2464671.65	27203.36	3.32
201832	57	34.01	33.04	80.48	2.50	2435613.42	27210.02	3.29
201833	24	15.36	37.39	116.04	2.50	2496136.15	27231.40	3.32
201834	21	19.69	37.24	110.94	2.50	2599581.69	27255.96	3.33
201835	36	20.40	40.29	136.00	2.50	2577306.20	27280.54	3.26
201836	32	23.75	33.61	75.58	2.50	2385931.23	27305.14	3.19
201837	59	18.39	37.40	101.29	2.50	2672357.19	27324.67	3.27
201838	45	20.13	33.78	110.40	2.50	2644282.00	27337.41	3.24
201839	148	18.81	45.90	62.49	2.50	2797404.11	27350.16	3.23
201840	62	23.70	38.98	83.48	2.50	2584793.82	27362.91	3.18
201841	86	17.46	39.60	117.92	2.50	2597071.64	27376.66	3.18
201842	50	27.85	37.13	113.37	2.56	2628212.26	27395.02	3.18
201843	71	18.29	38.95	90.55	2.75	2692819.77	27413.56	3.17
201844	52	18.66	35.64	109.87	2.75	2615341.78	27432.10	3.17
201845	74	18.14	37.07	164.30	2.75	2530637.44	27450.67	3.20
201846	73	51.79	38.64	118.73	2.75	2624881.23	27474.24	3.25
201847	73	15.56	39.71	131.77	2.75	2630483.82	27499.85	3.27
201848	84	21.06	37.69	94.20	2.75	2530791.90	27525.47	3.23
201849	81	58.53	37.67	74.00	2.75	2502012.08	27551.13	3.24
201850	37	22.19	38.38	145.09	2.75	2619739.14	27565.79	3.30
201851	45	23.50	36.48	147.32	2.75	2578335.28	27565.79	3.27
201852	26	38.41	38.02	162.88	2.75	2737159.66	27565.79	3.27
201901	81	22.27	37.54	103.76	2.75	2699018.08	27565.79	3.29
201902	132	22.99	38.27	143.06	2.75	2762214.15	27565.26	3.27
201903	62	19.29	35.45	97.63	2.75	2781687.49	27559.56	3.25
201904	75	26.26	35.41	136.09	2.75	2743384.00	27553.34	3.26
201905	58	24.64	40.76	128.37	2.85	2755323.52	27547.11	3.24
201906	46	27.74	46.77	182.81	3.00	2542814.35	27540.89	3.24
201907	36	22.00	37.20	150.72	3.00	2630183.65	27542.15	3.27
201908	29	27.38	37.24	123.39	3.00	2619564.48	27549.04	3.28
201909	42	16.52	40.49	89.25	3.00	2654892.28	27555.92	3.22
201910	43	24.67	44.01	92.64	3.00	2583990.39	27562.81	3.18
201911	58	23.09	44.96	108.70	3.00	2715741.00	27565.76	3.16
201912	135	18.35	38.97	162.40	3.00	2716153.61	27565.76	3.16
201913	47	24.28	37.04	122.39	3.00	2778947.90	27565.76	3.19
201914	190	18.61	37.82	221.47	3.00	2648304.65	27565.76	3.19
201915	133	17.95	46.13	145.66	3.00	2722112.59	27571.26	3.12
201916	108	20.12	40.39	129.56	3.00	2773761.49	27602.45	3.09
201917	51	33.19	46.20	111.98	3.00	2759942.36	27634.59	3.08
201918	44	26.41	39.22	70.62	3.00	2667324.15	27666.77	3.01
201919	64	24.60	35.04	62.36	3.00	2572426.34	27698.60	3.02
201920	61	15.91	40.84	71.73	3.00	2721924.05	27719.66	2.95
201921	37	24.22	37.59	72.84	3.00	2699682.88	27738.41	2.91
201922	150	20.06	47.68	173.99	3.00	2769842.32	27757.18	2.89
201923	46	26.86	35.79	177.30	3.00	2614779.25	27775.96	2.84
201924	29	36.77	41.90	165.73	2.50	2723834.10	27803.33	2.82
201925	11	22.97	40.90	144.27	2.50	2677368.89	27842.16	2.91
201927	15	43.52	42.72	183.27	2.50	2544129.04	27920.00	2.73
201928	114	21.03	49.00	111.91	2.50	2626474.35	27952.31	2.58
201929	27	15.47	37.02	125.39	2.50	2657814.69	27953.42	2.53
201930	3	12.14	20.55	63.06	2.50	2743741.18	27953.42	2.53